chr1	x1	x2	chr2	y1	y2	color
5	73625001	73655001	5	73150001	73180001	64,64,64
5	74535001	74565001	5	73895001	73925001	64,64,64
5	75010001	75040001	5	74305001	74335001	64,64,64
18	7670001	7730001	18	7170001	7230001	64,64,64
18	8000001	8060001	18	7450001	7510001	64,64,64
18	8980001	9040001	18	8110001	8170001	64,64,64
18	9670001	9730001	18	8720001	8780001	64,64,64
18	9410001	9470001	18	9120001	9180001	64,64,64
18	26480001	26540001	18	25520001	25580001	64,64,64
18	28350001	28410001	18	28010001	28070001	64,64,64
18	29570001	29630001	18	29190001	29250001	64,64,64
18	31270001	31330001	18	30840001	30900001	64,64,64
18	33500001	33560001	18	33000001	33060001	64,64,64
18	33210001	33270001	18	32990001	33050001	64,64,64