chr1	x1	x2	chr2	y1	y2	color
5	75585001	75615001	5	75290001	75320001	64,64,64
5	72215001	72245001	5	71885001	71915001	64,64,64
5	72490001	72520001	5	71555001	71585001	64,64,64
18	4770001	4830001	18	4140001	4200001	64,64,64
18	4830001	4890001	18	4700001	4760001	64,64,64
18	5930001	5990001	18	5170001	5230001	64,64,64
18	6110001	6170001	18	5440001	5500001	64,64,64
18	6340001	6400001	18	5980001	6040001	64,64,64
18	10580001	10640001	18	9620001	9680001	64,64,64
18	10410001	10470001	18	10070001	10130001	64,64,64
18	11190001	11250001	18	10380001	10440001	64,64,64
18	11050001	11110001	18	10880001	10940001	64,64,64
18	20160001	20220001	18	19610001	19670001	64,64,64
18	23120001	23180001	18	22290001	22350001	64,64,64